20101001
00108400
20080001
2009fffd
200a0005
200b0007
200c0009
200d0000
ae080000
ae090004
ae0a0008
ae0b000c
ae0c0010
ae0d0014
22110018
20080002
2009fffc
200a0006
200b0008
200c0001
200d0003
ae280000
ae290004
ae2a0008
ae2b000c
ae2c0010
ae2d0014
22320018
2008ffff
20090000
200a0001
200b0000
200c0000
200d0000
ae480000
ae490004
ae4a0008
ae4b000c
ae4c0010
ae4d0014
22530018
2008fffb
20090007
200a0009
200b0000
200c0001
200d0000
ae680000
ae690004
ae6a0008
ae6b000c
ae6c0010
ae6d0014
22140080
20080000
20090000
20110000
20120004
200c0020
200d0018
112d000b
01305020
8d4e0000
8d4f0004
01c05827
216b0001
0288c020
af0b0000
af0f0004
21290008
21080020
0810003c
22310001
12320005
22100018
22940008
20080000
20090000
0810003c
08100000
00000000
00000000
00000000
00000000
00000000
00000000
00000000
00000000
00000000
00000000
00000000
00000000
00000000
00000000
00000000
00000000
00000000
00000000
00000000
00000000
00000000
00000000
00000000
00000000
00000000
00000000
00000000
00000000
00000000
00000000
00000000
00000000
00000000
00000000
00000000
00000000
00000000
00000000
00000000
00000000
00000000
00000000
00000000
00000000
00000000
00000000
00000000
00000000
00000000
00000000
00000000
00000000
00000000
00000000
00000000
00000000
00000000
00000000
00000000
00000000
00000000
00000000
00000000
00000000
00000000
00000000
00000000
00000000
00000000
00000000
00000000
00000000
00000000
00000000
00000000
00000000
00000000
00000000
00000000
00000000
00000000
00000000
00000000
00000000
00000000
00000000
00000000
00000000
00000000
00000000
00000000
00000000
00000000
00000000
00000000
00000000
00000000
00000000
00000000
00000000
00000000
00000000
00000000
00000000
00000000
00000000
00000000
00000000
00000000
00000000
00000000
00000000
00000000
00000000
00000000
00000000
00000000
00000000
00000000
00000000
00000000
00000000
00000000
00000000
00000000
00000000
00000000